2037001394
2015000592
2046001735
2012000441
2046001740
2010000381
2045001682
2036001324
2019000759
2044001673
2035001296
2013000518
2040001494
2058002158
2041001548
2023000906
2034001290
2075002800
2011000413
2026000984
2035001314
2063002325
2072002692
2022000886
2068002537
2002000055
2098003648
2065002413
2067002480
2042001581
2018000699
2010000363
2086003198
2100003756
2013000522
2057002107
2012000478
2043001610
2013000512
2026001004
2076002822
2072002691
2007000238
2082003005
2017000631
2069002596
2079002909
2060002253
2045001718
2084003107
2064002369
2063002349
2064002392
2061002280
2042001558
2073002726
2063002319
2058002188
2012000454
2059002222
2071002655
2075002817
2065002406
2029001124
2093003461
2073002708
2036001337
2088003298
2092003427
2034001248
2027001032
2003000073
2055002049
2095003541
2070002632
2003000094
2054002021
2095003550
2063002316
2020000795
2065002431
2020000774
2001000004
2082003023
2082003040
2013000490
2045001699
2082003041
2099003689
2007000233
2065002430
2068002529
2099003697
2073002713
2044001631
2018000697
2007000215
2059002224
2088003266
2082003026
2021000824
2025000964
2018000718
2098003658
2070002629
2063002332
2028001097
2068002520
2038001409
2089003306
2017000650
2065002408
2046001732
2089003334
2011000430
2044001653
2075002798
2026001011
2005000155
2095003537
2018000676
2031001181
2086003182
2006000175
2010000386
2013000519
2039001470
2026001014
2018000716
2044001658
2063002347
2068002540
2081002972
2043001599
2072002684
2078002901
2047001780
2051001937
2007000221
2030001147
2086003177
2068002550
2008000258
2073002702
2057002116
2011000405
2018000724
2083003079
2004000130
2043001604
2068002533
2058002178
2083003049
2013000521
2020000804
2066002440
2084003122
2060002240
2018000682
2050001910
2002000054
2046001758
2083003083
2017000627
2085003161
2008000299
2006000179
2022000881
2029001111
2087003226
2091003374
2067002508
2070002640
2091003406
2041001535
2041001538
2057002143
2017000659
2030001154
2006000186
2050001882
2079002935
2081002968
2087003257
2090003367
2042001572
2069002575
2090003358
2072002686
2059002190
2003000089
2071002657
2044001639
2095003536
2075002788
2081002991
2038001430
2054002023
2055002039
2047001773
2062002300
2047001789
2074002774
2034001250
2032001206
2022000859
2014000562
2069002585
2098003631
2005000161
2047001804
2082003012
2041001529
2010000374
2039001466
2088003274
2022000868
2022000849
2037001391
2011000411
2077002866
2079002934
2049001844
2076002836
2017000663
2054002025
2056002059
2038001415
2085003124
2036001322
2098003667
2008000262
2091003384
2076002828
2020000809
2089003317
2100003714
2068002562
2018000706
2001000037
2009000323
2088003272
2026001018
2073002709
2062002309
2089003320
2022000855
2006000199
2014000538
2016000598
2038001420
2082003014
2057002153
2044001648
2013000495
2098003675
2088003286
2028001057
2087003230
2094003489
2029001103
2089003329
2029001119
2066002439
2055002038
2040001512
2060002233
2076002823
2016000615
2043001603
2015000580
2039001477
2037001360
2046001745
2048001834
2042001553
2079002929
2042001590
2035001299
2057002119
2038001447
2049001852
2082003009
2086003212
2027001026
2032001202
2035001310
2091003381
2098003653
2050001881
2045001676
2098003660
2050001892
2012000476
2001000019
2020000787
2082003025
2091003379
2031001176
2019000752
2061002273
2093003462
2013000486
2085003162
2022000873
2024000949
2097003626
2074002749
2044001659
2038001408
2005000154
2088003297
2008000268
2087003239
2007000246
2042001575
2096003566
2046001755
2081002980
2016000623
2081002988
2056002082
2051001931
2090003359
2050001894
2009000316
2077002873
2008000303
2020000771
2087003234
2011000426
2080002947
2060002251
2099003680
2034001275
2037001359
2007000212
2013000504
2008000294
2055002051
2003000088
2082003002
2011000437
2081002973
2005000159
2025000967
2029001114
2015000581
2018000673
2084003092
2096003570
2031001191
2097003628
2045001678
2024000927
2010000379
2078002895
2083003054
2068002523
2003000080
2077002878
2026000992
2063002350
2081002978
2088003289
2051001911
2010000355
2083003081
2087003219
2083003082
2071002667
2030001157
2046001767
2018000705
2100003749
2018000685
2048001813
2094003517
2020000791
2059002225
2010000392
2026001017
2058002185
2100003753
2064002385
2080002938
2066002444
2001000021
2028001055
2085003143
2065002395
2034001280
2087003248
2061002294
2059002201
2067002505
2041001543
2064002363
2090003354
2087003220
2071002642
2059002206
2095003532
2054001999
2042001587
2067002515
2091003403
2056002079
2100003718
2027001028
2066002437
2068002532
2088003285
2041001524
2037001398
2010000354
2059002195
2057002112
2066002435
2098003659
2097003616
2091003396
2086003190
2096003587
2012000468
2091003397
2034001283
2014000544
2065002419
2011000414
2063002318
2095003555
2087003244
2011000418
2071002661
2074002741
2028001091
2043001606
2049001870
2045001713
2006000188
2080002940
2055002054
2078002888
2022000865
2094003506
2017000649
2048001830
2064002367
2048001837
2006000183
2043001613
2090003348
2100003719
2064002365
2098003666
2006000201
2067002507
2055002044
2067002488
2060002241
2054002024
2095003560
2086003186
2093003455
2050001878
2003000101
2093003468
2055002035
2045001701
2088003280
2082003030
2006000194
2091003407
2079002913
2030001152
2023000897
2046001725
2066002445
2028001068
2091003402
2085003175
2027001054
2044001675
2096003596
2019000742
2073002707
2015000591
2009000337
2080002942
2029001116
2057002118
2061002275
2006000196
2068002568
2076002821
2006000181
2039001457
2089003307
2041001544
2094003512
2093003475
2027001031
2038001445
2075002793
2099003678
2002000043
2044001634
2014000533
2004000136
2041001547
2096003588
2055002033
2022000856
2037001374
2020000805
2019000766
2042001584
2098003643
2087003253
2048001829
2015000569
2032001215
2008000296
2007000223
2034001278
2018000688
2093003464
2067002511
2082003015
2090003361
2020000772
2098003651
2039001464
2058002172
2045001693
2077002859
2076002842
2066002436
2055002057
2098003663
2057002146
2017000629
2007000203
2059002217
2056002077
2087003245
2059002197
2068002558
2044001647
2022000892
2007000239
2087003243
2082003006
2085003173
2095003534
2069002576
2030001162
2087003229
2047001777
2009000351
2066002466
2092003424
2029001127
2066002473
2047001797
2067002513
2009000332
2028001063
2075002806
2089003301
2098003677
2060002259
2051001926
2041001534
2057002108
2014000541
2071002652
2040001509
2099003687
2052001963
2056002084
2066002471
2044001674
2049001855
2062002302
2070002624
2055002053
2068002565
2031001192
2021000837
2029001120
2008000257
2047001782
2053001992
2077002862
2095003548
2009000315
2034001266
2095003529
2084003091
2023000896
2089003347
2100003725
2049001863
2082003042
2044001661
2026001016
2018000713
2067002490
2094003490
2007000214
2092003425
2056002069
2088003294
2026000981
2012000482
2066002433
2017000634
2050001909
2058002157
2064002373
2035001309
2004000133
2036001321
2059002193
2084003115
2056002075
2003000104
2048001826
2010000359
2085003155
2057002130
2069002570
2022000872
2019000740
2085003169
2034001273
2075002792
2069002609
2093003454
2081002971
2073002730
2095003521
2074002783
2051001922
2092003410
2042001564
2081002985
2014000554
2012000442
2084003089
2095003533
2059002226
2035001312
2010000377
2044001656
2002000061
2018000707
2042001592
2060002246
2044001652
2028001067
2031001175
2007000232
2065002399
2071002643
2050001886
2038001427
2029001128
2093003469
2007000235
2050001893
2084003112
2054002012
2002000056
2076002818
2010000373
2040001515
2061002262
2009000308
2030001142
2038001402
2018000708
2024000943
2023000919
2071002664
2069002582
2026001009
2035001302
2045001696
2071002659
2004000126
2047001770
2072002673
2013000509
2084003098
2012000452
2059002218
2069002595
2001000016
2001000018
2011000440
2028001085
2088003287
2094003498
2049001867
2096003586
2012000450
2057002120
2085003127
2016000614
2064002357
2032001196
2046001747
2014000531
2012000460
2061002283
2067002483
2059002208
2006000190
2071002663
2050001873
2056002061
2036001352
2043001600
2088003300
2056002067
2057002145
2100003748
2095003543
2076002848
2028001071
2053001977
2066002451
2064002377
2100003740
2047001793
2071002662
2030001165
2038001438
2059002203
2097003622
2047001801
2091003391
2040001493
2059002223
2100003745
2034001257
2087003255
2065002427
2012000473
2056002102
2092003416
2097003630
2017000640
2011000402
2047001794
2059002207
2042001594
2049001866
2087003224
2024000932
2032001204
2040001507
2041001523
2003000075
2021000843
2093003474
2068002563
2048001809
2003000098
2066002458
2076002835
2033001230
2073002715
2054002032
2039001452
2068002541
2045001707
2007000222
2061002271
2079002917
2092003435
2002000050
2018000700
2069002606
2064002364
2024000925
2042001566
2057002110
2001000011
2020000776
2100003726
2011000435
2099003704
2085003137
2054002017
2085003147
2018000686
2041001539
2030001133
2049001850
2092003422
2096003589
2085003172
2048001819
2021000833
2049001862
2048001827
2018000684
2013000511
2018000696
2087003235
2020000794
2029001112
2082003031
2067002499
2036001323
2090003351
2030001158
2017000626
2076002829
2059002202
2064002368
2057002147
2082003017
2023000901
2052001957
2074002760
2052001946
2016000617
2021000829
2057002140
2072002669
2012000471
2087003231
2014000556
2044001668
2087003232
2060002230
2088003260
2065002426
2056002105
2035001305
2097003623
2092003417
2002000071
2014000524
2057002117
2097003620
2018000698
2007000205
2042001588
2010000366
2001000008
2039001484
2053001990
2019000751
2044001666
2044001663
2030001138
2083003051
2099003692
2051001940
2014000526
2038001437
2038001410
2061002291
2009000329
2023000900
2017000637
2071002653
2054002006
2024000948
2001000031
2023000916
2009000326
2011000399
2012000455
2042001574
2021000827
2074002748
2012000466
2085003141
2077002876
2011000438
2039001489
2017000656
2057002139
2095003557
2008000298
2065002422
2034001261
2050001879
2031001173
2017000657
2089003314
2016000611
2095003558
2092003419
2047001795
2072002685
2088003292
2079002937
2050001885
2073002704
2085003163
2091003372
2024000938
2072002688
2084003111
2008000270
2018000730
2028001059
2082003020
2033001224
2005000164
2049001871
2026000993
2089003318
2085003142
2008000293
2009000336
2055002046
2053001979
2085003150
2099003709
2056002078
2060002238
2022000850
2081002996
2067002502
2001000007
2086003191
2092003447
2024000942
2009000343
2094003494
2037001377
2056002076
2030001131
2089003311
2098003650
2094003504
2036001332
2044001633
2004000128
2045001694
2063002341
2020000778
2046001744
2095003556
2039001460
2007000245
2045001710
2083003045
2015000583
2021000838
2079002927
2007000226
2043001620
2062002298
2072002675
2033001236
2003000109
2049001847
2100003735
2084003086
2022000867
2049001864
2023000908
2046001724
2100003715
2006000169
2037001399
2011000401
2099003700
2033001233
2061002284
2100003723
2048001825
2009000314
2073002731
2018000731
2092003439
2024000937
2044001646
2065002414
2064002378
2099003705
2009000317
2068002528
2069002603
2058002160
2093003479
2052001958
2066002457
2098003655
2001000010
2025000955
2095003546
2077002860
2082003010
2025000971
2008000300
2039001487
2041001528
2054002009
2096003592
2037001373
2098003645
2022000848
2045001719
2035001300
2037001379
2088003271
2045001688
2096003591
2091003404
2080002962
2064002371
2038001426
2093003471
2077002858
2049001854
2015000565
2036001333
2013000515
2044001632
2012000474
2017000625
2038001404
2048001836
2093003482
2079002907
2034001289
2066002446
2038001422
2049001869
2071002650
2001000022
2008000295
2078002899
2070002630
2060002249
2019000745
2005000140
2016000599
2077002872
2038001439
2069002581
2042001556
2047001798
2078002893
2056002095
2083003048
2094003513
2073002705
2079002906
2037001372
2013000492
2056002097
2082003022
2079002923
2077002869
2011000424
2010000388
2034001276
2046001736
2074002782
2088003290
2014000530
2044001649
2006000191
2032001195
2061002266
2037001381
2031001174
2019000743
2026000982
2076002824
2037001397
2081002979
2005000143
2020000779
2032001203
2007000216
2087003246
2026000985
2075002789
2032001211
2048001841
2097003608
2020000773
2096003581
2053001971
2064002355
2060002247
2094003507
2036001347
2079002932
2050001901
2068002551
2054002015
2034001258
2082003016
2009000347
2032001210
2014000532
2062002301
2070002618
2034001291
2087003222
2088003270
2032001218
2018000710
2077002883
2063002345
2013000500
2061002272
2095003542
2082003038
2030001149
2058002171
2079002936
2052001953
2039001449
2009000333
2080002950
2049001859
2026000991
2037001401
2081002977
2039001459
2028001081
2027001034
2048001808
2081002995
2088003291
2018000690
2014000543
2059002211
2056002090
2085003135
2070002619
2056002063
2034001268
2003000078
2011000421
2025000963
2096003585
2030001144
2081002994
2084003104
2065002416
2008000290
2003000099
2050001875
2074002737
2017000647
2099003710
2028001075
2045001714
2015000585
2057002111
2046001764
2022000853
2060002256
2050001896
2079002922
2057002142
2084003108
2063002340
2021000844
2096003574
2046001751
2086003211
2069002586
2054002013
2048001838
2017000665
2037001370
2002000041
2010000376
2022000852
2033001228
2031001178
2031001167
2087003247
2047001790
2062002311
2014000525
2036001340
2010000378
2068002567
2036001342
2003000081
2097003625
2028001061
2097003627
2089003343
2099003708
2086003204
2005000150
2038001417
2042001576
2061002265
2069002613
2069002577
2008000261
2022000880
2059002214
2026000995
2080002959
2069002589
2030001143
2046001769
2068002560
2056002093
2057002152
2028001060
2002000070
2026000998
2091003386
2094003499
2012000451
2049001868
2083003071
2044001645
2076002826
2036001319
2043001616
2064002366
2098003674
2086003206
2034001288
2002000051
2065002423
2036001351
2077002864
2025000961
2048001832
2023000913
2067002477
2058002162
2081002969
2045001683
2086003209
2006000177
2073002728
2075002803
2081002989
2002000062
2067002517
2081002997
2079002912
2042001583
2034001270
2031001171
2089003346
2036001350
2012000462
2018000675
2079002933
2056002060
2080002941
2089003313
2004000115
2010000357
2034001245
2047001803
2013000523
2084003105
2085003158
2036001329
2032001198
2057002122
2039001453
2059002213
2061002268
2011000397
2008000281
2074002769
2082002999
2082003021
2032001223
2058002170
2089003303
2036001336
2006000185
2028001072
2099003690
2021000830
2030001140
2028001086
2075002810
2050001889
2026000980
2093003456
2057002129
2100003731
2080002955
2026001001
2006000193
2091003392
2056002070
2006000174
2020000784
2097003614
2067002486
2040001499
2010000389
2058002161
2002000057
2038001440
2007000211
2046001746
2011000420
2072002693
2032001200
2005000148
2004000112
2094003516
2085003134
2037001371
2092003433
2095003551
2093003451
2064002356
2074002786
2083003053
2020000807
2042001578
2056002081
2067002495
2027001041
2054002020
2095003525
2060002243
2073002716
2015000578
2046001750
2009000342
2092003415
2014000535
2032001209
2082003024
2083003056
2056002106
2095003538
2052001954
2070002622
2069002587
2047001799
2076002849
2057002121
2002000045
2084003103
2045001717
2065002410
2082003011
2023000904
2060002250
2038001435
2013000498
2021000841
2027001027
2081002976
2053001974
2088003265
2094003496
2023000898
2054002029
2062002314
2021000847
2068002564
2074002781
2047001800
2001000012
2066002455
2088003283
2062002307
2087003216
2074002775
2080002964
2063002322
2064002358
2037001385
2100003733
2050001899
2007000250
2069002605
2025000957
2077002868
2046001748
2057002114
2092003440
2088003284
2033001229
2048001805
2024000941
2024000939
2028001078
2091003400
2011000434
2018000691
2071002668
2089003309
2069002604
2091003388
2090003363
2089003345
2017000671
2098003642
2084003096
2014000555
2053001980
2098003638
2022000888
2096003584
2015000576
2011000415
2011000419
2065002432
2033001231
2011000423
2089003344
2085003133
2030001129
2093003480
2017000636
2093003483
2079002908
2016000603
2088003278
2080002965
2090003352
2028001070
2094003502
2001000005
2093003452
2044001671
2058002174
2095003530
2011000407
2099003681
2066002459
2046001727
2095003527
2028001095
2026001012
2055002040
2017000642
2007000230
2059002198
2008000271
2032001214
2085003125
2017000655
2054002000
2013000494
2078002892
2078002896
2056002088
2013000487
2090003364
2025000974
2029001102
2019000735
2051001921
2026000977
2092003443
2018000692
2044001672
2085003174
2001000023
2100003717
2053001978
2019000750
2009000335
2074002734
2093003476
2059002216
2022000854
2075002816
2099003684
2069002594
2017000632
2073002720
2004000119
2056002085
2032001205
2016000602
2056002087
2087003214
2074002739
2044001654
2022000851
2084003114
2038001405
2100003742
2071002658
2082003001
2005000162
2037001395
2073002706
2015000572
2083003072
2053001987
2045001681
2080002948
2009000322
2079002920
2014000536
2056002098
2032001219
2094003493
2086003185
2078002898
2012000459
2031001172
2057002125
2031001186
2018000683
2051001933
2100003724
2020000793
2068002545
2096003575
2071002656
2098003661
2032001212
2019000744
2001000013
2084003110
2068002527
2008000279
2080002946
2086003213
2019000741
2098003641
2073002724
2051001923
2034001267
2028001069
2038001425
2036001356
2040001519
2082003029
2045001697
2089003341
2063002326
2089003328
2058002176
2025000953
2054002003
2100003728
2001000014
2075002802
2073002727
2028001089
2010000384
2009000334
2098003646
2051001912
2027001049
2023000899
2055002047
2074002766
2022000890
2014000549
2052001967
2007000204
2028001082
2010000371
2059002219
2066002452
2037001392
2019000736
2034001282
2049001853
2069002571
2017000638
2073002732
2086003187
2039001471
2095003524
2068002522
2012000445
2047001772
2014000550
2008000291
2046001726
2079002925
2069002569
2073002718
2030001161
2053001995
2085003153
2045001704
2083003067
2062002305
2067002496
2058002169
2037001376
2091003376
2044001644
2038001407
2059002228
2079002921
2008000289
2051001913
2058002163
2026001015
2043001624
2060002242
2012000481
2004000124
2075002787
2016000605
2059002191
2065002428
2046001741
2040001514
2055002042
2018000711
2079002918
2018000679
2090003350
2010000382
2018000695
2017000644
2069002583
2001000033
2007000229
2012000446
2088003295
2100003746
2096003604
2045001698
2023000914
2089003333
2054002011
2001000009
2079002931
2046001729
2080002960
2045001684
2024000944
2015000584
2042001562
2017000658
2077002877
2089003326
2027001047
2053001994
2096003595
2081002974
2072002682
2025000960
2096003572
2059002209
2098003637
2088003267
2008000274
2011000425
2029001109
2084003118
2010000362
2033001234
2088003276
2053001970
2047001791
2008000273
2025000962
2039001481
2036001334
2092003414
2032001208
2027001021
2072002674
2085003164
2077002861
2003000077
2001000015
2042001596
2081002967
2099003683
2086003189
2085003138
2011000427
2059002192
2085003168
2095003549
2045001706
2096003598
2037001384
2011000409
2029001115
2029001117
2075002809
2092003438
2061002277
2044001629
2076002841
2055002034
2059002196
2061002288
2036001331
2063002320
2074002756
2069002599
2060002258
2016000621
2036001349
2067002504
2047001792
2002000039
2034001244
2044001669
2007000224
2008000276
2039001450
2021000831
2096003583
2017000635
2010000368
2069002610
2093003478
2006000184
2038001433
2007000213
2038001434
2006000165
2010000364
2036001327
2003000108
2045001720
2060002235
2076002834
2043001602
2056002086
2093003477
2046001752
2016000619
2083003068
2085003130
2098003676
2007000209
2093003457
2033001226
2082003033
2094003505
2032001199
2072002678
2014000557
2028001066
2043001598
2060002237
2013000503
2026001000
2086003192
2005000147
2028001065
2055002050
2088003296
2050001876
2025000969
2094003511
2056002096
2011000395
2007000242
2028001083
2024000936
2030001134
2054002031
2011000400
2073002696
2014000542
2086003196
2040001503
2070002635
2016000620
2009000305
2002000047
2040001491
2065002402
2009000345
2029001101
2069002579
2044001641
2018000727
2089003316
2052001964
2084003113
2099003699
2096003582
2024000923
2058002182
2039001454
2078002897
2060002248
2088003288
2063002333
2061002289
2069002590
2014000563
2071002644
2096003568
2086003208
2004000113
2039001463
2035001307
2030001141
2028001084
2060002252
2082003008
2052001960
2076002844
2020000782
2076002838
2062002313
2097003617
2093003470
2040001492
2069002608
2053001973
2074002763
2037001364
2007000208
2021000811
2029001126
2085003145
2029001122
2020000789
2034001256
2066002470
2052001952
2040001506
2032001193
2098003672
2066002449
2046001759
2072002677
2009000306
2012000444
2020000786
2065002398
2012000470
2053001985
2048001810
2002000063
2044001640
2097003613
2087003225
2056002062
2062002310
2085003131
2096003563
2007000219
2030001159
2004000125
2088003259
2029001110
2048001835
2040001521
2048001815
2010000380
2089003337
2047001778
2005000146
2084003095
2073002723
2044001657
2043001627
2006000197
2085003165
2097003611
2055002043
2022000878
2042001551
2098003635
2062002306
2059002229
2031001184
2016000597
2095003539
2012000483
2006000166
2065002401
2036001325
2053001976
2026001006
2042001589
2019000754
2010000365
2094003485
2044001665
2094003515
2083003063
2051001939
2028001074
2046001753
2069002597
2018000709
2092003418
2072002683
2091003385
2049001860
2034001287
2094003500
2085003144
2066002448
2050001897
2065002424
2032001197
2019000738
2020000770
2011000394
2098003670
2068002566
2034001285
2039001461
2093003453
2071002646
2088003299
2088003262
2075002814
2065002407
2096003565
2078002886
2077002863
2049001851
2061002267
2009000331
2015000593
2016000600
2094003514
2047001796
2056002080
2059002220
2094003488
2002000068
2083003078
2099003686
2067002506
2076002845
2003000079
2075002813
2009000344
2087003217
2042001555
2100003752
2063002344
2032001201
2085003160
2054001998
2083003058
2055002052
2076002827
2096003603
2051001924
2028001077
2089003332
2022000889
2034001279
2084003088
2021000817
2082003004
2015000586
2054002026
2088003279
2080002958
2029001099
2053001986
2003000102
2019000732
2076002839
2051001915
2023000917
2086003179
2011000439
2058002167
2046001730
2020000799
2068002542
2064002361
2043001597
2089003325
2058002181
2074002762
2069002574
2009000319
2038001418
2063002342
2078002885
2001000027
2085003128
2047001784
2008000283
2060002239
2059002204
2005000151
2039001468
2020000800
2010000356
2073002717
2041001537
2051001930
2080002963
2003000082
2091003389
2033001235
2021000840
2086003184
2035001301
2026000988
2073002722
2042001586
2070002631
2047001785
2056002099
2053001984
2031001180
2042001559
2045001692
2016000596
2076002830
2013000520
2084003090
2061002276
2023000921
2050001907
2054002004
2095003552
2034001284
2090003362
2010000353
2052001944
2063002343
2066002456
2060002245
2066002447
2047001774
2065002403
2048001828
2066002467
2056002089
2039001485
2086003201
2075002797
2024000926
2057002113
2036001338
2005000145
2042001595
2017000648
2063002348
2017000645
2071002641
2050001902
2046001742
2074002784
2095003528
2047001802
2066002469
2067002498
2087003221
2051001914
2056002092
2076002832
2094003510
2045001687
2046001760
2086003176
2026001008
2022000877
2089003338
2008000272
2089003340
2019000733
2010000370
2048001822
2074002764
2012000479
2069002593
2089003305
2077002856
2098003636
2078002894
2098003639
2051001932
2041001531
2041001527
2020000808
2070002616
2075002791
2038001442
2068002548
2099003703
2041001525
2093003465
2036001343
2019000761
2075002796
2068002554
2100003720
2068002524
2016000609
2017000669
2059002212
2043001626
2008000302
2037001390
2013000510
2070002620
2038001416
2088003277
2046001738
2027001024
2051001925
2079002915
2038001432
2099003707
2038001403
2070002627
2029001118
2039001483
2028001073
2010000375
2004000132
2012000475
2022000860
2096003576
2005000158
2010000360
2072002676
2021000819
2025000966
2065002396
2006000195
2001000028
2100003737
2034001243
2021000816
2083003073
2015000568
2003000086
2083003059
2002000058
2019000753
2048001839
2044001660
2047001783
2034001247
2027001037
2075002811
2050001874
2012000464
2095003561
2094003484
2078002890
2050001890
2063002337
2071002647
2065002397
2078002902
2042001557
2039001462
2073002697
2046001731
2068002555
2093003472
2087003251
2074002772
2070002623
2067002514
2085003149
2091003393
2052001959
2049001858
2033001240
2073002725
2052001951
2001000029
2035001298
2014000527
2096003580
2028001079
2088003273
2045001680
2054002028
2043001605
2029001108
2026000987
2085003146
2072002670
2024000946
2065002421
2099003694
2089003331
2030001145
2068002535
2013000507
2045001708
2029001125
2035001311
2066002450
2060002232
2056002068
2006000167
2091003390
2098003657
2007000243
2053001993
2011000428
2044001655
2031001169
2092003411
2042001585
2057002132
2067002485
2030001163
2010000383
2044001650
2096003593
2008000285
2067002487
2031001185
2009000348
2042001550
2002000065
2035001294
2053001991
2080002951
2086003180
2096003599
2040001497
2089003339
2018000719
2082003032
2020000777
2042001567
2034001253
2074002768
2080002944
2042001563
2020000796
2067002516
2020000775
2040001495
2050001877
2098003656
2037001365
2060002255
2095003547
2016000604
2083003047
2082003043
2099003682
2058002159
2099003688
2035001303
2056002074
2004000120
2017000666
2014000529
2076002847
2005000157
2050001884
2087003256
2054002022
2040001511
2068002521
2074002761
2071002654
2034001252
2017000630
2094003497
2024000945
2069002602
2020000781
2073002721
2009000325
2084003106
2009000307
2006000180
2032001221
2042001565
2069002592
2077002880
2003000103
2038001406
2029001106
2003000074
2063002315
2026000999
2048001806
2020000803
2053001975
2075002807
2009000340
2100003727
2050001906
2019000737
2064002393
2025000972
2044001638
2030001146
2054002018
2039001486
2026000989
2051001917
2099003679
2089003321
2052001968
2007000247
2074002758
2016000610
2074002733
2064002380
2019000747
2018000714
2074002755
2037001367
2091003378
2024000928
2075002799
2092003423
2027001053
2019000760
2029001105
2002000069
2037001383
2046001737
2086003181
2011000417
2045001722
2041001533
2018000689
2050001880
2073002714
2086003183
2018000712
2022000876
2053001981
2063002323
2077002857
2037001400
2047001776
2013000517
2067002481
2049001845
2033001242
2056002101
2039001488
2098003632
2007000217
2071002648
2072002690
2038001429
2028001062
2091003368
2021000818
2100003751
2008000264
2026000996
2059002227
2019000763
2098003669
2041001546
2030001156
2022000864
2063002328
2070002625
2010000391
2081002983
2042001577
2092003408
2031001179
2008000287
2078002884
2003000100
2068002525
2026001013
2096003601
2030001135
2011000422
2022000874
2086003194
2087003241
2043001617
2083003044
2051001920
2021000834
2067002489
2086003200
2085003167
2026000997
2037001368
2086003178
2027001038
2064002381
2018000694
2029001121
2008000259
2093003463
2067002500
2027001033
2064002379
2095003554
2079002924
2010000361
2065002404
2091003377
2056002066
2008000284
2020000780
2097003607
2073002700
2023000911
2065002415
2095003523
2063002353
2098003633
2018000702
2037001375
2074002743
2028001080
2046001749
2043001601
2064002389
2057002144
2006000168
2019000746
2098003649
2072002671
2074002746
2003000084
2069002615
2001000026
2001000038
2020000801
2052001942
2098003664
2068002526
2054002019
2051001918
2086003195
2068002552
2038001431
2017000646
2003000090
2057002133
2067002494
2082003034
2064002360
2069002578
2068002538
2084003085
2054002027
2028001092
2018000704
2052001955
2019000765
2035001297
2057002150
2047001786
2096003577
2009000346
2080002957
2013000497
2080002954
2031001187
2085003139
2077002854
2005000142
2081002982
2072002672
2002000049
2043001622
2015000582
2043001612
2013000502
2092003441
2019000757
2017000670
2018000721
2044001635
2044001630
2083003074
2017000653
2091003387
2097003619
2087003228
2048001816
2046001756
2100003721
2048001823
2042001571
2097003615
2035001293
2026000994
2093003481
2057002148
2011000432
2100003734
2031001190
2030001151
2046001766
2090003357
2057002109
2017000628
2082003039
2042001580
2056002100
2098003634
2016000606
2045001705
2063002354
2086003199
2039001473
2068002543
2040001505
2020000792
2018000728
2022000894
2091003395
2041001530
2079002910
2084003099
2066002434
2064002390
2079002926
2017000662
2086003207
2006000178
2097003609
2096003594
2044001664
2098003673
2050001895
2099003712
2083003062
2044001643
2035001304
2004000137
2096003573
2017000668
2013000513
2070002638
2061002278
2051001929
2007000218
2066002472
2033001227
2014000552
2017000643
2025000973
2022000885
2001000034
2042001569
2057002135
2094003491
2098003640
2054001997
2094003503
2065002418
2014000540
2028001088
2030001130
2089003336
2058002180
2067002492
2048001821
2042001554
2036001358
2021000814
2020000790
2085003132
2012000456
2074002740
2055002036
2059002189
2007000252
2026001005
2004000131
2047001788
2086003203
2064002370
2090003356
2096003590
2012000467
2096003600
2095003553
2007000249
2004000118
2035001308
2031001188
2097003612
2048001840
2024000929
2025000956
2066002463
2075002795
2060002236
2093003460
2095003519
2002000048
2081002975
2099003685
2074002773
2100003730
2035001318
2082003037
2028001056
2037001363
2018000677
2001000002
2017000641
2021000825
2013000489
2074002770
2063002327
2046001733
2099003706
2082003018
2028001076
2049001849
2003000095
2048001824
2049001857
2095003535
2008000260
2067002501
2056002104
2036001357
2066002460
2092003437
2092003448
2004000122
2065002429
2090003349
2069002573
2015000571
2023000910
2011000408
2084003084
2047001781
2013000484
2008000292
2100003713
2051001934
2076002843
2067002491
2088003269
2085003140
2029001100
2010000387
2067002484
2035001316
2015000590
2001000017
2044001636
2018000680
2056002072
2082002998
2060002231
2039001476
2058002186
2061002297
2034001263
2043001611
2078002889
2079002928
2027001023
2061002264
2030001155
2025000950
2066002438
2076002820
2031001177
2065002411
2057002136
2039001465
2074002742
2051001935
2084003119
2022000884
2095003540
2031001189
2098003644
2038001424
2003000106
2041001536
2009000310
2087003249
2092003426
2018000674
2083003064
2082003007
2096003578
2041001522
2016000601
2076002831
2045001715
2091003371
2042001549
2058002187
2021000813
2022000893
2074002778
2007000244
2040001508
2007000231
2077002882
2089003327
2008000280
2100003716
2094003492
2015000594
2008000265
2074002767
2002000066
2063002346
2059002205
2063002338
2071002651
2034001271
2011000412
2040001496
2073002703
2060002257
2057002151
2048001807
2021000821
2087003236
2004000110
2036001320
2058002179
2099003693
2030001153
2035001306
2004000121
2040001502
2033001237
2027001036
2041001541
2087003233
2021000815
2065002417
2043001618
2033001225
2008000255
2019000767
2015000587
2065002412
2079002919
2072002681
2001000030
2040001504
2051001927
2014000539
2013000505
2014000547
2091003380
2028001096
2083003065
2025000958
2074002765
2067002497
2007000240
2030001136
2026000978
2016000612
2061002270
2083003060
2011000436
2025000968
2031001170
2011000398
2038001423
2001000035
2090003353
2069002612
2052001961
2003000093
2001000036
2021000823
2085003154
2085003123
2023000907
2099003702
2001000025
2040001500
2021000846
2010000352
2063002317
2047001771
2030001132
2064002372
2058002183
2046001734
2085003136
2074002738
2034001274
2046001761
2033001239
2023000895
2098003671
2086003197
2054002002
2021000836
2100003754
2030001164
2074002776
2066002475
2070002634
2013000516
2097003618
2062002304
2050001898
2002000059
2064002394
2072002689
2089003304
2025000951
2092003436
2003000087
2093003467
2077002852
2047001787
2076002833
2024000931
2045001716
2057002149
2034001262
2005000141
2027001050
2083003057
2040001518
2023000912
2002000052
2094003486
2015000579
2036001344
2073002729
2028001064
2081002990
2039001467
2045001689
2058002173
2037001382
2058002165
2018000703
2086003210
2040001490
2043001608
2044001628
2093003458
2027001039
2076002825
2063002335
2046001768
2036001354
2065002409
2032001220
2070002637
2067002509
2087003254
2063002324
2035001313
2016000618
2075002812
2027001035
2057002137
2071002665
2038001414
2090003360
2075002815
2079002905
2076002850
2065002400
2024000924
2063002339
2062002308
2050001888
2025000976
2052001969
2027001044
2089003308
2085003151
2080002952
2007000227
2037001378
2050001872
2024000947
2036001341
2008000269
2002000053
2008000297
2028001098
2075002804
2008000263
2042001579
2001000006
2099003695
2092003420
2004000135
2073002698
2018000681
2037001369
2003000105
2039001482
2012000469
2064002359
2019000762
2025000954
2020000788
2077002855
2034001281
2064002374
2017000661
2097003624
2044001670
2044001667
2034001249
2080002956
2085003171
2044001651
2063002329
2050001887
2061002295
2021000845
2011000406
2087003252
2100003722
2018000701
2020000783
2040001517
2035001295
2033001241
2048001831
2067002479
2038001443
2043001625
2037001393
2046001765
2070002633
2012000453
2055002056
2052001943
2043001607
2070002639
2092003428
2060002244
2061002269
2098003652
2056002071
2067002482
2083003070
2005000160
2018000720
2074002736
2079002904
2007000206
2096003571
2088003293
2033001238
2088003281
2016000607
2085003126
2089003310
2036001339
2013000508
2008000278
2047001779
2019000739
2061002279
2086003193
2067002510
2023000918
2100003736
2076002819
2009000341
2039001475
2007000251
2017000667
2068002553
2034001286
2049001865
2082003036
2027001029
2084003102
2006000198
2045001721
2017000651
2032001213
2086003205
2006000176
2069002591
2011000416
2038001411
2052001947
2013000499
2009000304
2054002005
2002000044
2072002687
2038001436
2045001709
2057002138
2022000891
2089003302
2084003093
2019000758
2063002330
2045001700
2084003097
2018000687
2012000461
2066002464
2081002981
2079002916
2054002007
2078002903
2042001552
2011000410
2091003401
2009000320
2026001003
2010000390
2009000309
2025000952
2007000210
2057002127
2016000616
2037001388
2031001182
2089003342
2069002580
2005000152
2060002254
2098003654
2045001685
2020000806
2095003545
2087003237
2052001966
2055002037
2042001582
2045001711
2081002970
2039001472
2085003166
2078002891
2057002155
2006000187
2027001052
2046001723
2004000111
2014000560
2063002351
2018000672
2027001051
2005000156
2089003324
2068002561
2054002001
2019000734
2051001941
2012000480
2069002588
2026001020
2100003750
2058002184
2041001545
2012000463
2026000986
2015000573
2074002771
2052001945
2057002128
2061002287
2084003094
2028001090
2040001513
2068002547
2022000887
2078002900
2002000046
2080002943
2038001428
2049001856
2002000067
2052001956
2005000163
2069002601
2074002780
2074002751
2036001355
2036001353
2055002041
2068002530
2021000842
2049001842
2058002166
2090003366
2100003729
2084003116
2066002474
2040001516
2070002628
2055002055
2043001614
2080002953
2034001259
2078002887
2048001833
2097003606
2014000561
2023000909
2019000764
2057002154
2026001002
2064002376
2015000566
2088003275
2008000266
2018000726
2046001757
2049001861
2020000797
2053001988
2048001811
2028001094
2096003579
2096003605
2043001623
2008000286
2098003668
2079002911
2018000725
2020000802
2057002131
2021000832
2069002572
2035001292
2064002383
2069002607
2070002636
2067002503
2091003399
2010000372
2018000715
2095003562
2073002699
2052001962
2032001222
2012000448
2008000282
2084003109
2073002712
2088003282
2057002126
2059002199
2083003050
2045001712
2002000040
2036001348
2087003242
2026000983
2054002016
2037001387
2094003509
2014000548
2068002544
2055002045
2090003355
2009000324
2064002375
2017000660
2095003518
2023000902
2019000756
2049001846
2027001048
2043001615
2039001469
2029001107
2003000091
2075002794
2014000553
2077002865
2058002177
2070002617
2064002388
2066002462
2066002453
2059002200
2075002805
2020000798
2037001362
2034001265
2009000327
2027001045
2096003567
2046001728
2069002611
2038001441
2083003055
2085003152
2004000134
2068002531
2039001480
2038001421
2042001568
2024000935
2036001345
2011000404
2074002757
2018000722
2045001690
2042001573
2028001093
2015000588
2007000225
2083003052
2100003743
2054002014
2068002519
2099003711
2081002966
2011000431
2007000228
2074002745
2046001754
2093003449
2074002785
2021000826
2006000171
2044001662
2017000664
2066002476
2001000020
2088003268
2085003170
2058002175
2049001848
2061002296
2019000749
2013000493
2055002048
2061002292
2015000575
2008000288
2070002621
2029001104
2024000933
2056002091
2007000241
2092003421
2069002584
2062002299
2092003432
2059002215
2005000144
2022000882
2074002744
2008000267
2021000820
2074002750
2054001996
2041001540
2058002164
2039001455
2021000822
2082003019
2020000785
2051001928
2048001812
2025000965
2014000546
2012000458
2021000839
2019000768
2045001686
2073002701
2091003383
2022000861
2087003238
2065002420
2083003077
2091003398
2084003100
2003000107
2023000915
2041001526
2050001891
2013000506
2050001904
2082003027
2066002443
2050001883
2053001982
2068002546
2023000903
2097003621
2064002387
2082003003
2077002874
2062002303
2001000024
2096003564
2004000114
2009000318
2063002334
2066002454
2027001042
2045001677
2048001820
2034001260
2071002660
2043001621
2056002073
2032001194
2092003430
2084003101
2039001474
2015000570
2099003696
2040001510
2089003312
2054002030
2011000429
2037001380
2037001361
2056002064
2091003382
2093003466
2004000117
2019000755
2041001542
2077002867
2036001326
2015000589
2067002493
2021000828
2022000883
2097003610
2092003413
2077002879
2076002840
2096003569
2065002405
2018000693
2073002694
2099003691
2056002094
2061002293
2007000253
2008000256
2022000863
2064002386
2056002083
2027001040
2024000930
2005000153
2010000393
2082003013
2004000127
2046001763
2018000717
2069002614
2024000940
2039001478
2100003738
2089003322
2083003075
2007000234
2079002930
2001000032
2021000835
2063002331
2010000358
2089003323
2092003409
2093003459
2095003531
2045001695
2043001619
2018000729
2061002263
2004000139
2057002115
2095003520
2007000220
2014000558
2013000485
2013000488
2016000608
2098003665
2044001642
2053001989
2038001448
2047001775
2027001025
2085003156
2040001520
2052001949
2096003597
2091003405
2094003501
2073002719
2017000654
2014000545
2087003250
2053001983
2089003315
2010000385
2088003264
2059002194
2022000871
2074002753
2092003434
2030001160
2005000149
2083003069
2021000810
2021000812
2096003602
2084003121
2064002362
2041001532
2022000862
2009000338
2042001561
2042001593
2034001272
2045001691
2099003701
2087003227
2034001255
2080002939
2011000396
2083003080
2080002945
2045001703
2008000301
2026000979
2069002598
2075002790
2035001315
2081002984
2003000083
2032001207
2074002777
2051001936
2013000491
2006000170
2014000528
2066002441
2015000595
2001000003
2054002010
2008000277
2088003258
2036001330
2015000564
2030001139
2081002986
2034001277
2055002058
2074002779
2074002747
2009000321
2012000477
2068002534
2045001702
2026001007
2036001335
2037001386
2012000472
2054002008
2033001232
2068002556
2091003370
2081002992
2082003028
2008000254
2030001137
2095003522
2012000449
2076002837
2036001328
2061002281
2040001498
2057002141
2095003559
2042001591
2059002210
2022000870
2084003120
2007000248
2030001150
2075002808
2044001637
2045001679
2036001346
2074002754
2068002518
2100003744
2073002711
2010000369
2068002557
2061002290
2061002274
2026001019
2080002949
2075002801
2022000879
2050001905
2009000349
2015000574
2022000866
2070002626
2009000328
2057002123
2077002853
2022000875
2031001168
2022000869
2012000465
2009000330
2007000236
2011000433
2068002536
2013000501
2064002384
2007000202
2056002065
2048001814
2018000723
2002000064
2098003647
2067002478
2100003747
2086003202
2022000858
2083003076
2009000313
2067002512
2011000403
2006000173
2052001950
2038001444
2017000639
2092003444
2028001087
2048001818
2061002286
2098003662
2014000551
2074002759
2069002600
2006000192
2060002234
2009000312
2064002391
2057002134
2071002666
2063002336
2071002649
2068002549
2014000537
2009000350
2039001479
2006000172
2038001419
2034001254
2037001389
2030001166
2034001264
2061002285
2003000076
2016000613
2050001903
2012000447
2080002961
2085003159
2092003445
2072002679
2094003487
2039001458
2085003157
2094003495
2014000534
2028001058
2100003732
2058002168
2038001446
2052001965
2034001246
2051001938
2100003741
2026000990
2030001148
2089003330
2083003066
2084003117
2088003261
2027001043
2043001609
2077002881
2004000138
2074002735
2063002352
2095003526
2004000116
2007000207
2032001216
2076002846
2014000559
2092003431
2019000769
2056002103
2048001817
2042001570
2088003263
2085003148
2006000189
2046001762
2089003319
2037001396
2072002680
2026001010
2001000001
2087003215
2015000567
2092003446
2013000514
2083003046
2053001972
2099003698
2092003412
2065002425
2046001743
2025000959
2012000443
2093003473
2090003365
2051001919
2062002312
2009000311
2003000092
2066002442
2013000496
2034001251
2066002461
2012000457
2087003240
2087003223
2032001217
2087003218
2068002559
2034001269
2003000096
2059002221
2060002260
2092003442
2002000060
2081002987
2027001030
2073002710
2031001183
2077002875
2086003188
2066002468
2006000182
2016000622
2046001739
2040001501
2093003450
2091003394
2064002382
2024000934
2009000339
2038001413
2050001900
2066002465
2079002914
2091003373
2091003369
2071002645
2039001451
2004000123
2010000367
2015000577
2003000085
2052001948
2025000970
2003000097
2003000072
2061002261
2008000275
2081002993
2083003061
2039001456
2057002156
2094003508
2035001317
2017000652
2023000920
2037001366
2057002124
2029001113
2016000624
2076002851
2050001908
2082003035
2095003544
2091003375
2077002871
2007000237
2027001022
2038001412
2097003629
2073002695
2068002539
2077002870
2092003429
2082003000
2025000975
2085003129
2100003755
2023000905
2051001916
2061002282
2006000200
2089003335
2022000857
2042001560
2049001843
2004000129
2018000678
